2.187432031250000000e+04
1.728127929687500000e+04
6.273390136718750000e+03
1.311566015625000000e+04
6.601549804687500000e+03
4.131660156250000000e+03
6.125890136718750000e+03
7.722319824218750000e+03
6.010419921875000000e+03
4.291180175781250000e+03
3.246439941406250000e+03
4.105700195312500000e+03
4.080260009765625000e+03
3.257010009765625000e+03
2.472370117187500000e+03
2.785949951171875000e+03
2.488310058593750000e+03
2.520350097656250000e+03
2.237340087890625000e+03
2.165449951171875000e+03
1.586760009765625000e+03
1.916630004882812500e+03
1.506560058593750000e+03
1.284849975585937500e+03
1.647719970703125000e+03
1.411209960937500000e+03
1.847420043945312500e+03
1.340459960937500000e+03
1.338839965820312500e+03
1.344869995117187500e+03
1.224520019531250000e+03
1.305750000000000000e+03
1.250760009765625000e+03
1.026790039062500000e+03
9.524199829101562500e+02
1.244569946289062500e+03
1.138109985351562500e+03
1.043060058593750000e+03
1.305859985351562500e+03
1.353910034179687500e+03
1.420510009765625000e+03
1.346069946289062500e+03
1.018369995117187500e+03
9.533800048828125000e+02
1.144260009765625000e+03
1.064949951171875000e+03
1.370430053710937500e+03
1.094170043945312500e+03
1.153280029296875000e+03
1.090910034179687500e+03
1.006080017089843750e+03
9.514000244140625000e+02
1.001010009765625000e+03
1.725630004882812500e+03
1.430079956054687500e+03
1.060380004882812500e+03
1.299880004882812500e+03
1.214339965820312500e+03
1.115819946289062500e+03
9.539400024414062500e+02
1.278280029296875000e+03
1.267939941406250000e+03
1.326760009765625000e+03
1.245849975585937500e+03
1.088170043945312500e+03
1.184719970703125000e+03
9.093400268554687500e+02
1.004469970703125000e+03
1.049209960937500000e+03
1.154930053710937500e+03
7.438800048828125000e+02
1.181050048828125000e+03
1.025859985351562500e+03
9.437899780273437500e+02
8.583599853515625000e+02
7.516599731445312500e+02
1.088199951171875000e+03
1.202430053710937500e+03
9.964199829101562500e+02
1.038030029296875000e+03
1.230739990234375000e+03
1.320310058593750000e+03
1.335180053710937500e+03
6.677999877929687500e+02
1.110209960937500000e+03
9.704099731445312500e+02
1.423319946289062500e+03
1.307229980468750000e+03
1.090859985351562500e+03
1.643310058593750000e+03
9.540900268554687500e+02
1.144739990234375000e+03
1.047880004882812500e+03
7.633499755859375000e+02
1.089329956054687500e+03
1.194949951171875000e+03
1.177829956054687500e+03
8.983400268554687500e+02
1.158239990234375000e+03
1.439119995117187500e+03
9.334899902343750000e+02
8.174899902343750000e+02
1.621979980468750000e+03
1.137880004882812500e+03
9.569299926757812500e+02
8.109699707031250000e+02
7.200800170898437500e+02
1.175260009765625000e+03
1.208410034179687500e+03
9.894799804687500000e+02
9.953699951171875000e+02
9.486900024414062500e+02
1.762079956054687500e+03
9.502199707031250000e+02
1.032260009765625000e+03
1.239339965820312500e+03
1.386510009765625000e+03
8.529400024414062500e+02
1.163959960937500000e+03
1.049040039062500000e+03
1.001650024414062500e+03
1.140079956054687500e+03
1.024369995117187500e+03
9.754099731445312500e+02
8.227600097656250000e+02
1.237839965820312500e+03
8.528300170898437500e+02
7.025800170898437500e+02
8.413300170898437500e+02
9.646599731445312500e+02
6.593499755859375000e+02
1.229589965820312500e+03
9.440900268554687500e+02
8.130300292968750000e+02
9.727700195312500000e+02
1.225609985351562500e+03
8.650300292968750000e+02
7.986199951171875000e+02
1.170579956054687500e+03
1.230650024414062500e+03
1.148310058593750000e+03
1.109349975585937500e+03
1.688349975585937500e+03
9.195999755859375000e+02
1.072000000000000000e+03
1.123729980468750000e+03
1.005390014648437500e+03
1.208920043945312500e+03
9.955200195312500000e+02
1.111839965820312500e+03
1.038400024414062500e+03
9.827700195312500000e+02
1.301699951171875000e+03
9.161500244140625000e+02
8.434400024414062500e+02
1.177880004882812500e+03
7.795900268554687500e+02
8.589799804687500000e+02
7.625599975585937500e+02
1.381829956054687500e+03
1.022179992675781250e+03
9.471099853515625000e+02
1.197900024414062500e+03
7.659000244140625000e+02
1.126349975585937500e+03
1.023059997558593750e+03
9.468400268554687500e+02
1.263550048828125000e+03
1.541530029296875000e+03
8.368900146484375000e+02
7.643699951171875000e+02
1.167439941406250000e+03
8.981599731445312500e+02
1.278189941406250000e+03
1.328050048828125000e+03
1.264780029296875000e+03
1.098739990234375000e+03
9.079000244140625000e+02
7.305399780273437500e+02
1.120819946289062500e+03
1.158969970703125000e+03
1.011190002441406250e+03
1.134699951171875000e+03
1.122040039062500000e+03
8.711500244140625000e+02
1.237599975585937500e+03
1.136420043945312500e+03
1.560150024414062500e+03
1.219030029296875000e+03
9.332100219726562500e+02
9.451199951171875000e+02
1.132130004882812500e+03
8.928099975585937500e+02
9.488200073242187500e+02
6.247700195312500000e+02
7.519600219726562500e+02
7.240499877929687500e+02
8.341799926757812500e+02
7.587299804687500000e+02
1.138040039062500000e+03
7.450300292968750000e+02
8.183200073242187500e+02
9.123599853515625000e+02
9.685399780273437500e+02
1.220869995117187500e+03
1.052430053710937500e+03
7.266300048828125000e+02
1.238660034179687500e+03
1.042069946289062500e+03
8.460700073242187500e+02
9.942800292968750000e+02
7.969699707031250000e+02
1.006799987792968750e+03
9.065800170898437500e+02
1.223979980468750000e+03
1.218189941406250000e+03
8.441699829101562500e+02
1.004770019531250000e+03
1.201819946289062500e+03
6.426500244140625000e+02
9.185499877929687500e+02
1.053219970703125000e+03
1.173900024414062500e+03
1.728060058593750000e+03
1.178130004882812500e+03
1.061489990234375000e+03
1.394449951171875000e+03
1.064780029296875000e+03
9.148099975585937500e+02
9.598099975585937500e+02
9.861699829101562500e+02
1.253930053710937500e+03
1.113709960937500000e+03
9.552800292968750000e+02
1.166400024414062500e+03
1.416699951171875000e+03
6.507600097656250000e+02
6.635300292968750000e+02
9.756099853515625000e+02
9.795700073242187500e+02
1.532819946289062500e+03
8.933400268554687500e+02
9.627899780273437500e+02
1.270500000000000000e+03
1.290709960937500000e+03
1.084530029296875000e+03
7.545900268554687500e+02
9.185800170898437500e+02
1.184939941406250000e+03
9.229000244140625000e+02
9.484600219726562500e+02
9.570100097656250000e+02
8.601799926757812500e+02
7.871599731445312500e+02
8.279799804687500000e+02
8.327399902343750000e+02
1.163500000000000000e+03
7.036799926757812500e+02
1.361949951171875000e+03
9.424600219726562500e+02
9.123300170898437500e+02
7.736599731445312500e+02
7.871400146484375000e+02
9.341199951171875000e+02
9.275999755859375000e+02
8.459899902343750000e+02
9.731699829101562500e+02
1.252150024414062500e+03
8.330900268554687500e+02
7.303599853515625000e+02
9.195599975585937500e+02
1.163699951171875000e+03
1.242729980468750000e+03
1.050609985351562500e+03
1.069689941406250000e+03
1.481589965820312500e+03
1.129540039062500000e+03
6.114299926757812500e+02
1.066959960937500000e+03
1.000900024414062500e+03
9.485700073242187500e+02
1.476250000000000000e+03
1.414910034179687500e+03
7.393699951171875000e+02
1.025869995117187500e+03
2.240290039062500000e+03
8.914000244140625000e+02
1.081410034179687500e+03
8.030399780273437500e+02
1.193319946289062500e+03
9.361599731445312500e+02
8.811799926757812500e+02
8.406400146484375000e+02
1.109359985351562500e+03
8.052700195312500000e+02
1.204420043945312500e+03
1.686319946289062500e+03
9.569699707031250000e+02
1.115790039062500000e+03
1.570430053710937500e+03
9.602600097656250000e+02
1.724569946289062500e+03
2.975760009765625000e+03
1.200800048828125000e+03
8.642000122070312500e+02
2.025130004882812500e+03
2.510979980468750000e+03
9.350599975585937500e+02
1.037579956054687500e+03
2.225360107421875000e+03
9.019199829101562500e+02
1.955089965820312500e+03
1.740550048828125000e+03
1.156910034179687500e+03
1.321729980468750000e+03
1.695150024414062500e+03
1.701339965820312500e+03
1.518760009765625000e+03
1.284579956054687500e+03
1.017669982910156250e+03
1.229459960937500000e+03
1.679459960937500000e+03
2.093179931640625000e+03
1.536359985351562500e+03
1.101420043945312500e+03
1.412609985351562500e+03
1.402520019531250000e+03
1.401189941406250000e+03
1.194949951171875000e+03
7.552299804687500000e+02
9.429400024414062500e+02
9.925900268554687500e+02
8.672999877929687500e+02
1.142189941406250000e+03
9.394600219726562500e+02
7.751699829101562500e+02
9.666599731445312500e+02
8.016199951171875000e+02
1.033619995117187500e+03
9.617299804687500000e+02
9.013300170898437500e+02
9.620999755859375000e+02
1.100410034179687500e+03
1.256420043945312500e+03
1.126689941406250000e+03
8.106199951171875000e+02
1.606380004882812500e+03
1.015080017089843750e+03
1.113819946289062500e+03
7.095999755859375000e+02
1.186160034179687500e+03
1.103859985351562500e+03
1.047329956054687500e+03
1.111589965820312500e+03
8.809799804687500000e+02
8.330000000000000000e+02
1.169619995117187500e+03
8.819199829101562500e+02
8.796300048828125000e+02
7.834400024414062500e+02
1.329770019531250000e+03
8.836900024414062500e+02
1.019190002441406250e+03
1.222390014648437500e+03
8.256500244140625000e+02
7.341199951171875000e+02
9.300300292968750000e+02
9.637800292968750000e+02
1.166489990234375000e+03
7.273300170898437500e+02
7.614899902343750000e+02
9.751099853515625000e+02
9.382800292968750000e+02
9.784299926757812500e+02
8.030399780273437500e+02
1.046920043945312500e+03
1.051589965820312500e+03
1.320569946289062500e+03
7.870399780273437500e+02
8.754199829101562500e+02
8.458499755859375000e+02
1.228229980468750000e+03
1.057510009765625000e+03
9.624400024414062500e+02
8.818599853515625000e+02
8.984199829101562500e+02
1.244339965820312500e+03
9.894600219726562500e+02
6.506300048828125000e+02
9.835999755859375000e+02
9.898200073242187500e+02
1.073859985351562500e+03
1.067619995117187500e+03
9.916300048828125000e+02
8.979899902343750000e+02
1.251719970703125000e+03
1.186709960937500000e+03
8.447999877929687500e+02
9.444500122070312500e+02
9.171599731445312500e+02
7.803599853515625000e+02
7.921400146484375000e+02
9.595599975585937500e+02
7.936099853515625000e+02
1.100540039062500000e+03
1.061219970703125000e+03
1.105079956054687500e+03
7.667700195312500000e+02
7.735700073242187500e+02
1.277260009765625000e+03
7.489600219726562500e+02
6.996400146484375000e+02
7.263099975585937500e+02
9.181199951171875000e+02
1.023239990234375000e+03
6.634799804687500000e+02
8.605599975585937500e+02
9.395000000000000000e+02
7.543699951171875000e+02
8.702999877929687500e+02
7.917999877929687500e+02
8.457399902343750000e+02
6.643099975585937500e+02
8.578200073242187500e+02
1.160510009765625000e+03
9.538400268554687500e+02
8.563400268554687500e+02
1.410459960937500000e+03
1.051500000000000000e+03
9.644099731445312500e+02
7.341699829101562500e+02
1.163030029296875000e+03
1.179900024414062500e+03
7.091300048828125000e+02
9.733200073242187500e+02
7.270300292968750000e+02
1.038319946289062500e+03
7.455800170898437500e+02
7.632600097656250000e+02
8.614600219726562500e+02
1.133989990234375000e+03
8.922800292968750000e+02
9.539799804687500000e+02
8.304199829101562500e+02
8.705000000000000000e+02
8.517299804687500000e+02
7.107899780273437500e+02
7.126199951171875000e+02
1.120650024414062500e+03
1.077390014648437500e+03
1.102229980468750000e+03
8.980900268554687500e+02
1.063530029296875000e+03
1.182099975585937500e+03
9.925700073242187500e+02
8.580000000000000000e+02
9.831900024414062500e+02
1.101859985351562500e+03
9.860399780273437500e+02
8.131400146484375000e+02
7.625399780273437500e+02
8.267800292968750000e+02
6.922100219726562500e+02
9.417000122070312500e+02
8.995399780273437500e+02
7.627500000000000000e+02
1.068180053710937500e+03
1.035099975585937500e+03
6.925200195312500000e+02
7.120999755859375000e+02
9.015000000000000000e+02
1.070160034179687500e+03
8.892899780273437500e+02
1.164020019531250000e+03
9.346900024414062500e+02
8.497800292968750000e+02
8.962199707031250000e+02
1.257790039062500000e+03
1.228819946289062500e+03
9.003099975585937500e+02
1.164020019531250000e+03
9.425000000000000000e+02
1.122380004882812500e+03
1.758130004882812500e+03
1.311680053710937500e+03
8.595999755859375000e+02
1.138410034179687500e+03
1.309849975585937500e+03
8.277700195312500000e+02
8.033200073242187500e+02
8.045599975585937500e+02
1.153680053710937500e+03
7.965599975585937500e+02
9.995800170898437500e+02
7.476900024414062500e+02
6.833499755859375000e+02
1.297800048828125000e+03
6.632399902343750000e+02
1.105369995117187500e+03
1.022039978027343750e+03
7.598099975585937500e+02
1.024880004882812500e+03
7.041799926757812500e+02
8.350499877929687500e+02
7.557500000000000000e+02
9.806500244140625000e+02
1.074520019531250000e+03
8.938900146484375000e+02
8.350100097656250000e+02
7.378499755859375000e+02
1.073329956054687500e+03
8.725599975585937500e+02
1.155030029296875000e+03
1.328050048828125000e+03
9.930999755859375000e+02
7.289600219726562500e+02
7.503300170898437500e+02
1.059939941406250000e+03
9.667199707031250000e+02
1.014989990234375000e+03
8.060999755859375000e+02
1.010229980468750000e+03
1.136040039062500000e+03
9.505100097656250000e+02
7.925900268554687500e+02
7.852000122070312500e+02
6.886300048828125000e+02
9.637199707031250000e+02
1.495089965820312500e+03
9.368400268554687500e+02
8.539600219726562500e+02
9.953900146484375000e+02
1.284180053710937500e+03
1.169099975585937500e+03
8.346199951171875000e+02
6.707199707031250000e+02
9.338599853515625000e+02
1.142589965820312500e+03
1.178380004882812500e+03
7.387899780273437500e+02
1.298550048828125000e+03
1.240790039062500000e+03
1.129630004882812500e+03
1.122089965820312500e+03
1.061680053710937500e+03
8.791799926757812500e+02
8.985300292968750000e+02
8.963699951171875000e+02
9.829500122070312500e+02
9.048599853515625000e+02
8.061599731445312500e+02
6.788400268554687500e+02
1.045329956054687500e+03
8.387000122070312500e+02
1.201780029296875000e+03
8.871500244140625000e+02
9.328099975585937500e+02
8.512399902343750000e+02
7.365200195312500000e+02
1.042219970703125000e+03
6.913200073242187500e+02
1.157060058593750000e+03
8.036799926757812500e+02
9.029299926757812500e+02
5.097399902343750000e+02
8.191699829101562500e+02
8.689500122070312500e+02
1.092829956054687500e+03
1.027839965820312500e+03
1.015039978027343750e+03
1.231290039062500000e+03
1.072650024414062500e+03
6.308599853515625000e+02
7.398900146484375000e+02
8.065499877929687500e+02
8.759699707031250000e+02
7.953099975585937500e+02
9.987899780273437500e+02
1.166479980468750000e+03
9.020000000000000000e+02
8.730700073242187500e+02
1.085060058593750000e+03
1.200979980468750000e+03
1.226739990234375000e+03
9.437399902343750000e+02
8.765999755859375000e+02
1.129369995117187500e+03
1.077760009765625000e+03
1.040239990234375000e+03
1.138170043945312500e+03
9.000999755859375000e+02
8.187700195312500000e+02
1.173229980468750000e+03
7.935300292968750000e+02
7.394299926757812500e+02
1.453520019531250000e+03
9.673900146484375000e+02
8.183400268554687500e+02
8.809099731445312500e+02
8.855000000000000000e+02
9.588800048828125000e+02
1.355680053710937500e+03
1.051030029296875000e+03
8.526599731445312500e+02
1.193520019531250000e+03
8.474899902343750000e+02
9.072899780273437500e+02
1.058040039062500000e+03
8.034099731445312500e+02
7.770200195312500000e+02
1.202079956054687500e+03
9.501599731445312500e+02
8.639699707031250000e+02
1.006919982910156250e+03
9.700700073242187500e+02
8.094400024414062500e+02
9.869299926757812500e+02
1.111640014648437500e+03
8.513900146484375000e+02
8.782700195312500000e+02
6.704500122070312500e+02
9.638900146484375000e+02
7.810200195312500000e+02
9.160499877929687500e+02
7.502700195312500000e+02
7.487000122070312500e+02
8.827800292968750000e+02
8.457299804687500000e+02
9.412899780273437500e+02
7.750800170898437500e+02
1.062079956054687500e+03
9.418499755859375000e+02
1.058380004882812500e+03
1.064030029296875000e+03
9.108800048828125000e+02
8.457199707031250000e+02
1.157170043945312500e+03
9.546900024414062500e+02
7.445999755859375000e+02
8.307800292968750000e+02
6.258699951171875000e+02
9.459600219726562500e+02
7.759299926757812500e+02
1.183869995117187500e+03
7.395000000000000000e+02
8.427899780273437500e+02
7.955499877929687500e+02
1.053699951171875000e+03
7.493200073242187500e+02
9.704099731445312500e+02
1.045930053710937500e+03
1.123420043945312500e+03
1.009369995117187500e+03
8.372000122070312500e+02
1.213939941406250000e+03
1.032890014648437500e+03
1.051250000000000000e+03
9.016799926757812500e+02
1.067719970703125000e+03
8.502399902343750000e+02
9.397000122070312500e+02
6.189000244140625000e+02
8.415900268554687500e+02
1.412439941406250000e+03
1.121920043945312500e+03
8.900599975585937500e+02
1.056000000000000000e+03
8.431900024414062500e+02
9.108900146484375000e+02
1.098680053710937500e+03
1.005039978027343750e+03
4.665100097656250000e+02
1.007330017089843750e+03
1.229920043945312500e+03
6.093900146484375000e+02
1.222719970703125000e+03
1.148010009765625000e+03
9.795200195312500000e+02
9.047899780273437500e+02
1.112920043945312500e+03
7.713599853515625000e+02
5.072900085449218750e+02
8.398200073242187500e+02
9.754799804687500000e+02
1.114180053710937500e+03
1.043599975585937500e+03
8.821199951171875000e+02
7.736900024414062500e+02
1.153550048828125000e+03
9.535399780273437500e+02
6.763400268554687500e+02
7.302199707031250000e+02
7.850499877929687500e+02
8.034000244140625000e+02
7.217800292968750000e+02
8.412100219726562500e+02
9.260999755859375000e+02
1.155699951171875000e+03
8.437500000000000000e+02
8.419500122070312500e+02
1.133839965820312500e+03
1.226150024414062500e+03
1.071910034179687500e+03
1.061339965820312500e+03
9.166599731445312500e+02
1.087680053710937500e+03
1.148760009765625000e+03
8.706500244140625000e+02
9.171900024414062500e+02
9.176699829101562500e+02
8.285900268554687500e+02
7.166500244140625000e+02
8.036500244140625000e+02
7.857999877929687500e+02
7.045300292968750000e+02
1.009150024414062500e+03
7.331500244140625000e+02
8.786799926757812500e+02
7.827500000000000000e+02
1.098000000000000000e+03
9.670599975585937500e+02
9.604299926757812500e+02
1.068069946289062500e+03
8.597000122070312500e+02
8.945800170898437500e+02
9.232100219726562500e+02
1.135459960937500000e+03
6.733900146484375000e+02
9.147999877929687500e+02
8.952700195312500000e+02
9.090200195312500000e+02
1.035239990234375000e+03
1.329750000000000000e+03
1.030209960937500000e+03
8.140000000000000000e+02
1.076420043945312500e+03
1.370849975585937500e+03
8.631500244140625000e+02
7.389199829101562500e+02
1.021340026855468750e+03
9.105000000000000000e+02
1.157150024414062500e+03
1.041699951171875000e+03
9.424000244140625000e+02
7.828400268554687500e+02
9.228900146484375000e+02
1.251010009765625000e+03
8.261099853515625000e+02
1.064760009765625000e+03
9.294199829101562500e+02
7.353400268554687500e+02
9.520599975585937500e+02
1.203479980468750000e+03
1.171489990234375000e+03
9.609799804687500000e+02
9.186900024414062500e+02
9.853099975585937500e+02
9.123200073242187500e+02
7.401300048828125000e+02
8.441400146484375000e+02
1.328989990234375000e+03
8.341199951171875000e+02
1.189920043945312500e+03
9.780599975585937500e+02
7.660499877929687500e+02
7.256699829101562500e+02
8.927700195312500000e+02
8.050399780273437500e+02
8.001699829101562500e+02
1.054219970703125000e+03
1.122630004882812500e+03
8.313300170898437500e+02
8.593499755859375000e+02
1.060130004882812500e+03
7.462899780273437500e+02
9.687500000000000000e+02
9.247700195312500000e+02
6.725399780273437500e+02
7.790999755859375000e+02
8.036400146484375000e+02
7.954400024414062500e+02
6.552199707031250000e+02
6.355499877929687500e+02
1.256849975585937500e+03
8.036599731445312500e+02
1.266619995117187500e+03
9.936300048828125000e+02
8.098300170898437500e+02
8.535700073242187500e+02
9.861400146484375000e+02
1.089959960937500000e+03
1.211079956054687500e+03
9.122899780273437500e+02
7.412100219726562500e+02
6.594400024414062500e+02
1.328599975585937500e+03
1.079170043945312500e+03
8.516900024414062500e+02
1.165739990234375000e+03
1.204069946289062500e+03
7.035800170898437500e+02
9.473800048828125000e+02
8.478400268554687500e+02
8.706799926757812500e+02
9.763599853515625000e+02
1.024910034179687500e+03
1.105319946289062500e+03
8.470399780273437500e+02
1.021159973144531250e+03
1.160719970703125000e+03
1.026459960937500000e+03
8.499899902343750000e+02
6.970300292968750000e+02
1.224989990234375000e+03
1.101709960937500000e+03
9.136500244140625000e+02
9.616400146484375000e+02
9.115399780273437500e+02
1.160449951171875000e+03
8.587100219726562500e+02
1.179969970703125000e+03
1.332369995117187500e+03
6.570700073242187500e+02
1.173709960937500000e+03
9.586699829101562500e+02
9.554299926757812500e+02
9.571300048828125000e+02
1.093150024414062500e+03
8.728300170898437500e+02
1.866760009765625000e+03
7.189299926757812500e+02
8.688699951171875000e+02
8.082899780273437500e+02
8.681599731445312500e+02
1.288280029296875000e+03
8.272199707031250000e+02
1.064640014648437500e+03
9.342100219726562500e+02
1.234260009765625000e+03
8.653499755859375000e+02
8.978599853515625000e+02
1.010059997558593750e+03
8.227399902343750000e+02
9.856199951171875000e+02
9.278300170898437500e+02
7.777000122070312500e+02
1.253219970703125000e+03
6.710499877929687500e+02
7.957800292968750000e+02
8.793499755859375000e+02
6.451799926757812500e+02
1.014700012207031250e+03
6.357800292968750000e+02
5.892600097656250000e+02
8.748900146484375000e+02
8.930399780273437500e+02
6.604600219726562500e+02
8.040900268554687500e+02
8.068699951171875000e+02
8.747199707031250000e+02
9.136400146484375000e+02
9.033200073242187500e+02
7.296400146484375000e+02
1.023960021972656250e+03
7.909099731445312500e+02
9.954600219726562500e+02
7.643400268554687500e+02
8.462899780273437500e+02
6.216500244140625000e+02
7.355200195312500000e+02
8.554699707031250000e+02
9.661599731445312500e+02
1.115310058593750000e+03
6.915300292968750000e+02
7.572600097656250000e+02
7.907600097656250000e+02
5.567500000000000000e+02
8.855700073242187500e+02
8.629799804687500000e+02
9.545300292968750000e+02
6.608300170898437500e+02
1.072229980468750000e+03
7.302199707031250000e+02
8.543200073242187500e+02
8.261099853515625000e+02
1.256209960937500000e+03
6.764099731445312500e+02
6.604699707031250000e+02
9.370800170898437500e+02
1.091310058593750000e+03
1.043579956054687500e+03
7.001099853515625000e+02
8.334400024414062500e+02
7.592800292968750000e+02
6.058599853515625000e+02
1.237310058593750000e+03
9.860900268554687500e+02
5.715599975585937500e+02
7.284799804687500000e+02
9.838099975585937500e+02
9.737700195312500000e+02
1.149719970703125000e+03
9.757100219726562500e+02
1.097390014648437500e+03
9.914799804687500000e+02
7.480499877929687500e+02
9.241799926757812500e+02
9.793699951171875000e+02
9.783699951171875000e+02
7.137299804687500000e+02
7.815499877929687500e+02
7.004500122070312500e+02
7.061599731445312500e+02
8.116300048828125000e+02
5.837899780273437500e+02
1.148349975585937500e+03
8.440300292968750000e+02
1.388229980468750000e+03
5.675800170898437500e+02
9.735000000000000000e+02
1.194339965820312500e+03
1.287069946289062500e+03
7.862899780273437500e+02
8.609899902343750000e+02
7.279600219726562500e+02
9.409000244140625000e+02
9.323800048828125000e+02
1.020710021972656250e+03
6.794699707031250000e+02
1.142030029296875000e+03
6.996099853515625000e+02
1.267500000000000000e+03
9.499699707031250000e+02
6.233400268554687500e+02
7.236699829101562500e+02
1.135180053710937500e+03
8.585900268554687500e+02
7.184400024414062500e+02
8.670900268554687500e+02
1.005619995117187500e+03
8.142700195312500000e+02
1.138209960937500000e+03
6.524000244140625000e+02
6.715900268554687500e+02
8.453699951171875000e+02
9.417000122070312500e+02
8.109600219726562500e+02
9.425599975585937500e+02
5.490999755859375000e+02
8.284099731445312500e+02
8.679699707031250000e+02
8.646799926757812500e+02
7.511400146484375000e+02
9.137199707031250000e+02
9.221300048828125000e+02
1.202239990234375000e+03
8.203300170898437500e+02
8.001500244140625000e+02
7.748300170898437500e+02
9.813900146484375000e+02
8.310599975585937500e+02
8.761799926757812500e+02
1.013590026855468750e+03
9.366099853515625000e+02
7.501300048828125000e+02
8.636199951171875000e+02
1.240069946289062500e+03
7.067299804687500000e+02
9.185599975585937500e+02
7.890300292968750000e+02
8.758200073242187500e+02
6.942000122070312500e+02
6.489600219726562500e+02
8.417000122070312500e+02
8.367299804687500000e+02
6.574500122070312500e+02
6.712899780273437500e+02
1.094329956054687500e+03
7.250900268554687500e+02
7.355000000000000000e+02
7.691099853515625000e+02
4.611600036621093750e+02
8.213499755859375000e+02
6.334600219726562500e+02
5.891500244140625000e+02
9.720800170898437500e+02
7.881699829101562500e+02
9.901400146484375000e+02
8.494500122070312500e+02
1.065449951171875000e+03
1.058900024414062500e+03
1.107569946289062500e+03
9.417199707031250000e+02
1.191530029296875000e+03
8.005100097656250000e+02
7.841300048828125000e+02
5.695399780273437500e+02
7.769299926757812500e+02
9.448699951171875000e+02
1.083050048828125000e+03
7.099799804687500000e+02
7.422299804687500000e+02
8.541599731445312500e+02
9.229099731445312500e+02
7.022500000000000000e+02
8.938200073242187500e+02
8.263200073242187500e+02
9.700999755859375000e+02
6.524400024414062500e+02
7.235200195312500000e+02
8.485499877929687500e+02
6.427399902343750000e+02
8.719699707031250000e+02
8.002199707031250000e+02
1.010289978027343750e+03
9.914600219726562500e+02
9.102100219726562500e+02
1.133030029296875000e+03
6.726900024414062500e+02
7.959000244140625000e+02
9.797199707031250000e+02
6.978400268554687500e+02
8.863900146484375000e+02
1.109810058593750000e+03
1.012260009765625000e+03
7.506099853515625000e+02
7.217899780273437500e+02
9.091300048828125000e+02
1.028040039062500000e+03
7.126699829101562500e+02
7.354899902343750000e+02
4.834899902343750000e+02
8.094699707031250000e+02
1.300959960937500000e+03
8.187199707031250000e+02
8.547299804687500000e+02
9.068400268554687500e+02
1.081199951171875000e+03
9.632700195312500000e+02
8.035800170898437500e+02
6.665599975585937500e+02
1.119619995117187500e+03
7.934000244140625000e+02
7.083300170898437500e+02
1.010200012207031250e+03
9.031699829101562500e+02
6.888699951171875000e+02
1.228239990234375000e+03
7.543800048828125000e+02
9.720900268554687500e+02
8.579000244140625000e+02
8.175499877929687500e+02
7.046199951171875000e+02
9.902500000000000000e+02
9.205100097656250000e+02
7.236099853515625000e+02
7.012299804687500000e+02
8.199099731445312500e+02
8.151799926757812500e+02
8.636699829101562500e+02
7.106099853515625000e+02
8.441199951171875000e+02
8.701199951171875000e+02
7.985000000000000000e+02
7.270800170898437500e+02
5.755000000000000000e+02
6.517100219726562500e+02
7.189699707031250000e+02
8.036699829101562500e+02
7.803400268554687500e+02
5.839299926757812500e+02
8.988800048828125000e+02
7.126599731445312500e+02
6.197999877929687500e+02
1.267239990234375000e+03
1.049000000000000000e+03
8.495200195312500000e+02
9.055999755859375000e+02
8.822899780273437500e+02
9.766199951171875000e+02
8.972899780273437500e+02
8.369699707031250000e+02
7.777100219726562500e+02
9.225300292968750000e+02
6.782999877929687500e+02
6.275200195312500000e+02
6.928699951171875000e+02
5.928599853515625000e+02
8.111400146484375000e+02
8.881400146484375000e+02
1.109989990234375000e+03
8.122700195312500000e+02
7.754400024414062500e+02
7.518599853515625000e+02
1.149489990234375000e+03
6.397399902343750000e+02
7.337800292968750000e+02
6.824099731445312500e+02
8.011099853515625000e+02
9.240700073242187500e+02
9.023499755859375000e+02
8.254699707031250000e+02
5.747500000000000000e+02
9.481099853515625000e+02
8.975399780273437500e+02
7.133099975585937500e+02
8.287000122070312500e+02
9.266500244140625000e+02
7.287100219726562500e+02
7.192399902343750000e+02
8.129600219726562500e+02
1.214719970703125000e+03
7.379000244140625000e+02
6.366500244140625000e+02
1.197150024414062500e+03
7.137800292968750000e+02
7.993200073242187500e+02
8.075300292968750000e+02
8.275300292968750000e+02
9.464500122070312500e+02
6.936599731445312500e+02
1.350510009765625000e+03
8.497700195312500000e+02
7.287899780273437500e+02
8.865499877929687500e+02
6.962899780273437500e+02
6.571199951171875000e+02
7.435499877929687500e+02
9.272000122070312500e+02
1.015479980468750000e+03
9.550000000000000000e+02
7.590100097656250000e+02
8.278300170898437500e+02
8.970800170898437500e+02
8.866599731445312500e+02
7.996099853515625000e+02
6.808599853515625000e+02
7.913400268554687500e+02
8.715999755859375000e+02
7.071500244140625000e+02
6.833099975585937500e+02
7.381199951171875000e+02
8.451699829101562500e+02
8.186400146484375000e+02
1.049390014648437500e+03
1.070959960937500000e+03
8.709600219726562500e+02
5.342800292968750000e+02
8.947399902343750000e+02
1.065150024414062500e+03
7.942800292968750000e+02
7.867800292968750000e+02
8.116199951171875000e+02
8.554799804687500000e+02
1.092489990234375000e+03
8.425999755859375000e+02
8.528599853515625000e+02
8.934699707031250000e+02
7.696300048828125000e+02
5.279199829101562500e+02
7.029099731445312500e+02
6.454500122070312500e+02
1.004289978027343750e+03
5.626400146484375000e+02
5.852700195312500000e+02
7.285599975585937500e+02
6.035800170898437500e+02
8.551400146484375000e+02
7.345900268554687500e+02
7.482399902343750000e+02
7.203499755859375000e+02
9.786199951171875000e+02
8.984500122070312500e+02
7.214099731445312500e+02
7.124699707031250000e+02
6.840999755859375000e+02
7.417199707031250000e+02
7.602700195312500000e+02
6.211900024414062500e+02
6.958900146484375000e+02
8.670300292968750000e+02
7.645100097656250000e+02
7.211599731445312500e+02
6.581400146484375000e+02
6.914199829101562500e+02
5.466500244140625000e+02
6.185900268554687500e+02
6.620700073242187500e+02
7.527500000000000000e+02
6.452100219726562500e+02
7.159199829101562500e+02
7.460100097656250000e+02
5.920499877929687500e+02
7.868499755859375000e+02
6.380200195312500000e+02
7.561599731445312500e+02
6.906300048828125000e+02
5.055799865722656250e+02
6.940200195312500000e+02
7.601400146484375000e+02
7.787600097656250000e+02
5.799899902343750000e+02
7.501300048828125000e+02
6.213300170898437500e+02
5.869299926757812500e+02
6.490700073242187500e+02
5.414899902343750000e+02
5.077999877929687500e+02
7.352299804687500000e+02
8.955000000000000000e+02
6.452199707031250000e+02
6.958599853515625000e+02
6.245399780273437500e+02
7.428699951171875000e+02
5.978900146484375000e+02
7.082500000000000000e+02
4.355000000000000000e+02
6.987199707031250000e+02
7.658800048828125000e+02
6.819699707031250000e+02
5.456300048828125000e+02
5.553200073242187500e+02
5.677700195312500000e+02
6.332999877929687500e+02
5.118900146484375000e+02
7.066900024414062500e+02
7.070499877929687500e+02
7.122600097656250000e+02
6.765000000000000000e+02
7.092500000000000000e+02
6.842800292968750000e+02
4.732300109863281250e+02
4.874899902343750000e+02
6.338499755859375000e+02
6.717399902343750000e+02
6.018599853515625000e+02
4.871300048828125000e+02
6.538900146484375000e+02
6.603200073242187500e+02
6.425499877929687500e+02
6.406699829101562500e+02
5.072500000000000000e+02
7.127000122070312500e+02
5.995000000000000000e+02
5.781300048828125000e+02
6.691500244140625000e+02
5.639899902343750000e+02
6.966900024414062500e+02
5.522800292968750000e+02
6.128200073242187500e+02
5.102999877929687500e+02
6.848900146484375000e+02
5.772600097656250000e+02
6.655300292968750000e+02
5.591900024414062500e+02
7.167100219726562500e+02
6.399799804687500000e+02
5.067399902343750000e+02
5.742500000000000000e+02
5.188699951171875000e+02
7.047700195312500000e+02
5.696099853515625000e+02
4.846199951171875000e+02
5.079899902343750000e+02
5.240100097656250000e+02
4.549800109863281250e+02
4.693500061035156250e+02
7.482199707031250000e+02
5.006400146484375000e+02
4.998200073242187500e+02
7.087199707031250000e+02
5.059599914550781250e+02
5.577100219726562500e+02
5.131799926757812500e+02
6.330100097656250000e+02
7.099899902343750000e+02
4.985299987792968750e+02
6.997999877929687500e+02
5.626799926757812500e+02
5.669899902343750000e+02
6.313200073242187500e+02
6.706300048828125000e+02
5.458300170898437500e+02
5.412000122070312500e+02
4.984700012207031250e+02
4.465899963378906250e+02
5.287700195312500000e+02
5.138200073242187500e+02
7.253599853515625000e+02
4.744299926757812500e+02
7.199799804687500000e+02
5.989799804687500000e+02
6.656900024414062500e+02
7.425900268554687500e+02
6.632199707031250000e+02
4.355199890136718750e+02
6.851099853515625000e+02
5.773200073242187500e+02
4.816900024414062500e+02
5.198099975585937500e+02
5.139799804687500000e+02
5.828599853515625000e+02
5.841699829101562500e+02
5.168200073242187500e+02
5.754299926757812500e+02
5.745399780273437500e+02
6.263800048828125000e+02
5.335800170898437500e+02
6.654500122070312500e+02
5.614000244140625000e+02
5.241500244140625000e+02
6.598200073242187500e+02
5.915000000000000000e+02
5.533099975585937500e+02
7.266400146484375000e+02
4.997300109863281250e+02
4.718299865722656250e+02
5.118500061035156250e+02
5.452299804687500000e+02
5.274699707031250000e+02
4.561600036621093750e+02
6.017199707031250000e+02
5.118099975585937500e+02
5.510399780273437500e+02
4.491000061035156250e+02
4.568599853515625000e+02
6.702999877929687500e+02
4.555899963378906250e+02
5.324600219726562500e+02
5.427700195312500000e+02
6.422899780273437500e+02
4.783900146484375000e+02
5.567299804687500000e+02
5.614500122070312500e+02
4.844599914550781250e+02
4.812200012207031250e+02
6.570599975585937500e+02
5.473499755859375000e+02
4.220400085449218750e+02
5.155599975585937500e+02
5.169000244140625000e+02
6.411199951171875000e+02
5.503699951171875000e+02
5.133300170898437500e+02
5.640700073242187500e+02
4.449700012207031250e+02
5.514400024414062500e+02
5.041300048828125000e+02
6.745700073242187500e+02
5.630399780273437500e+02
6.077199707031250000e+02
4.927999877929687500e+02
4.698900146484375000e+02
5.400900268554687500e+02
7.666699829101562500e+02
7.328900146484375000e+02
6.365700073242187500e+02
4.760499877929687500e+02
6.086500244140625000e+02
6.529099731445312500e+02
5.452800292968750000e+02
5.702600097656250000e+02
4.835599975585937500e+02
4.923200073242187500e+02
5.343800048828125000e+02
7.040200195312500000e+02
4.956499938964843750e+02
3.750499877929687500e+02
5.132000122070312500e+02
5.514899902343750000e+02
4.478800048828125000e+02
5.359299926757812500e+02
5.361199951171875000e+02
4.089400024414062500e+02
5.682500000000000000e+02
6.602000122070312500e+02
7.455800170898437500e+02
4.871199951171875000e+02
5.878800048828125000e+02
4.834200134277343750e+02
5.754699707031250000e+02
6.235499877929687500e+02
7.786699829101562500e+02
6.972299804687500000e+02
5.976599731445312500e+02
6.374699707031250000e+02
5.319299926757812500e+02
4.575400085449218750e+02
5.730599975585937500e+02
5.899500122070312500e+02
5.441799926757812500e+02
4.802600097656250000e+02
5.590599975585937500e+02
5.687899780273437500e+02
5.392600097656250000e+02
6.099299926757812500e+02
4.725899963378906250e+02
6.063200073242187500e+02
5.028900146484375000e+02
4.886900024414062500e+02
6.633699951171875000e+02
3.806900024414062500e+02
5.164899902343750000e+02
4.671900024414062500e+02
6.559299926757812500e+02
5.075299987792968750e+02
5.334899902343750000e+02
5.263200073242187500e+02
5.277000122070312500e+02
5.056799926757812500e+02
4.304299926757812500e+02
5.680000000000000000e+02
4.389200134277343750e+02
4.281300048828125000e+02
4.150000000000000000e+02
6.676699829101562500e+02
5.146400146484375000e+02
3.939100036621093750e+02
4.802099914550781250e+02
5.212299804687500000e+02
5.734899902343750000e+02
3.952200012207031250e+02
4.455000000000000000e+02
4.943200073242187500e+02
4.371000061035156250e+02
4.021700134277343750e+02
4.397799987792968750e+02
5.516599731445312500e+02
5.187999877929687500e+02
4.464500122070312500e+02
4.265499877929687500e+02
5.553900146484375000e+02
4.486099853515625000e+02
4.413299865722656250e+02
5.383699951171875000e+02
4.870000000000000000e+02
5.487500000000000000e+02
5.484400024414062500e+02
5.297700195312500000e+02
4.020799865722656250e+02
5.265000000000000000e+02
5.749199829101562500e+02
4.344200134277343750e+02
3.726799926757812500e+02
4.723500061035156250e+02
5.419299926757812500e+02
3.872799987792968750e+02
5.045799865722656250e+02
4.809299926757812500e+02
4.199200134277343750e+02
6.477000122070312500e+02
4.792500000000000000e+02
5.242000122070312500e+02
3.849899902343750000e+02
4.642200012207031250e+02
4.320400085449218750e+02
3.822999877929687500e+02
4.677500000000000000e+02
4.631300048828125000e+02
4.411900024414062500e+02
3.970299987792968750e+02
4.257799987792968750e+02
5.010499877929687500e+02
3.365000000000000000e+02
4.026799926757812500e+02
3.363399963378906250e+02
5.071600036621093750e+02
4.643399963378906250e+02
3.265599975585937500e+02
5.988499755859375000e+02
4.002900085449218750e+02
3.709100036621093750e+02
4.173200073242187500e+02
4.386600036621093750e+02
4.040700073242187500e+02
4.817200012207031250e+02
3.660400085449218750e+02
4.497399902343750000e+02
7.389500122070312500e+02
4.417000122070312500e+02
4.315100097656250000e+02
4.737099914550781250e+02
3.658200073242187500e+02
4.045000000000000000e+02
4.814100036621093750e+02
4.669100036621093750e+02
3.614299926757812500e+02
3.451900024414062500e+02
3.253200073242187500e+02
5.140100097656250000e+02
4.705199890136718750e+02
5.248300170898437500e+02
3.762500000000000000e+02
5.007999877929687500e+02
4.846499938964843750e+02
4.540499877929687500e+02
5.080799865722656250e+02
5.865399780273437500e+02
5.021700134277343750e+02
4.091499938964843750e+02
4.602399902343750000e+02
4.902500000000000000e+02
4.938099975585937500e+02
4.775599975585937500e+02
4.386400146484375000e+02
5.025899963378906250e+02
4.741000061035156250e+02
4.329899902343750000e+02
4.133399963378906250e+02
4.528099975585937500e+02
4.007000122070312500e+02
3.951000061035156250e+02
4.449599914550781250e+02
4.065599975585937500e+02
4.439100036621093750e+02
4.864100036621093750e+02
4.137000122070312500e+02
6.945599975585937500e+02
4.628299865722656250e+02
5.168099975585937500e+02
4.855400085449218750e+02
4.572200012207031250e+02
4.125299987792968750e+02
5.475399780273437500e+02
5.407800292968750000e+02
4.179700012207031250e+02
4.765199890136718750e+02
4.721900024414062500e+02
4.530000000000000000e+02
4.231700134277343750e+02
3.307600097656250000e+02
4.041600036621093750e+02
3.565299987792968750e+02
4.618999938964843750e+02
4.565499877929687500e+02
4.702600097656250000e+02
3.351099853515625000e+02
3.752799987792968750e+02
4.370599975585937500e+02
4.312099914550781250e+02
4.851000061035156250e+02
3.311900024414062500e+02
4.585799865722656250e+02
4.197099914550781250e+02
4.719200134277343750e+02
3.804299926757812500e+02
5.612700195312500000e+02
4.723399963378906250e+02
4.552699890136718750e+02
3.642900085449218750e+02
3.911000061035156250e+02
3.800100097656250000e+02
3.899800109863281250e+02
4.537500000000000000e+02
3.680799865722656250e+02
4.617600097656250000e+02
4.151700134277343750e+02
4.819899902343750000e+02
4.296900024414062500e+02
4.032000122070312500e+02
3.792999877929687500e+02
4.034500122070312500e+02
3.864100036621093750e+02
3.688699951171875000e+02
3.248800048828125000e+02
2.953500061035156250e+02
3.166499938964843750e+02
3.194400024414062500e+02
3.217099914550781250e+02
5.058299865722656250e+02
5.008299865722656250e+02
3.742300109863281250e+02
4.272399902343750000e+02
3.702300109863281250e+02
5.085400085449218750e+02
4.397799987792968750e+02
3.504899902343750000e+02
4.214100036621093750e+02
3.429700012207031250e+02
4.152099914550781250e+02
3.334800109863281250e+02
3.614899902343750000e+02
4.578599853515625000e+02
3.645599975585937500e+02
3.667699890136718750e+02
3.331000061035156250e+02
2.837200012207031250e+02
3.168900146484375000e+02
4.661799926757812500e+02
4.259100036621093750e+02
4.144200134277343750e+02
4.778200073242187500e+02
2.896300048828125000e+02
3.560799865722656250e+02
4.338900146484375000e+02
3.338500061035156250e+02
3.826900024414062500e+02
3.634800109863281250e+02
4.326700134277343750e+02
3.501799926757812500e+02
3.908699951171875000e+02
4.011300048828125000e+02
4.176799926757812500e+02
4.703500061035156250e+02
4.536900024414062500e+02
4.522999877929687500e+02
4.032300109863281250e+02
3.476099853515625000e+02
3.558299865722656250e+02
3.628099975585937500e+02
3.660599975585937500e+02
3.149299926757812500e+02
4.443699951171875000e+02
3.332699890136718750e+02
4.674400024414062500e+02
3.927699890136718750e+02
4.016600036621093750e+02
3.658999938964843750e+02
4.042399902343750000e+02
4.557399902343750000e+02
4.016099853515625000e+02
3.504800109863281250e+02
3.576499938964843750e+02
3.692399902343750000e+02
3.814899902343750000e+02
3.404100036621093750e+02
4.008900146484375000e+02
3.415499877929687500e+02
4.297699890136718750e+02
4.530400085449218750e+02
4.597699890136718750e+02
4.698099975585937500e+02
4.044299926757812500e+02
3.032200012207031250e+02
3.902500000000000000e+02
3.494299926757812500e+02
3.429700012207031250e+02
3.509400024414062500e+02
3.815700073242187500e+02
2.852300109863281250e+02
3.892099914550781250e+02
4.370100097656250000e+02
3.881799926757812500e+02
3.129299926757812500e+02
3.792799987792968750e+02
3.045400085449218750e+02
4.183299865722656250e+02
3.323800048828125000e+02
3.765599975585937500e+02
2.246799926757812500e+02
4.383500061035156250e+02
4.198999938964843750e+02
3.421700134277343750e+02
3.685299987792968750e+02
4.165899963378906250e+02
2.907099914550781250e+02
4.108399963378906250e+02
3.485499877929687500e+02
4.285000000000000000e+02
4.210899963378906250e+02
3.032300109863281250e+02
3.786300048828125000e+02
4.070599975585937500e+02
3.946700134277343750e+02
3.472300109863281250e+02
3.565599975585937500e+02
3.309299926757812500e+02
3.436499938964843750e+02
3.789700012207031250e+02
2.955499877929687500e+02
2.886499938964843750e+02
4.126499938964843750e+02
2.549499969482421875e+02
3.509299926757812500e+02
4.246199951171875000e+02
3.535799865722656250e+02
3.442099914550781250e+02
4.209899902343750000e+02
4.381499938964843750e+02
3.218800048828125000e+02
3.655599975585937500e+02
3.608599853515625000e+02
4.116799926757812500e+02
3.515299987792968750e+02
3.101600036621093750e+02
3.910599975585937500e+02
3.385000000000000000e+02
3.623299865722656250e+02
2.939400024414062500e+02
3.469299926757812500e+02
3.715299987792968750e+02
3.408200073242187500e+02
3.163599853515625000e+02
3.647799987792968750e+02
2.977099914550781250e+02
3.298699951171875000e+02
3.077999877929687500e+02
3.504700012207031250e+02
4.189200134277343750e+02
3.547500000000000000e+02
3.828099975585937500e+02
3.546000061035156250e+02
3.255400085449218750e+02
2.947799987792968750e+02
2.740199890136718750e+02
3.723299865722656250e+02
3.617500000000000000e+02
3.562900085449218750e+02
3.572699890136718750e+02
3.135100097656250000e+02
3.749100036621093750e+02
3.205899963378906250e+02
3.412999877929687500e+02
2.946700134277343750e+02
3.679500122070312500e+02
3.887600097656250000e+02
3.236600036621093750e+02
3.539100036621093750e+02
4.015199890136718750e+02
3.911199951171875000e+02
3.883599853515625000e+02
2.909800109863281250e+02
3.523999938964843750e+02
4.511700134277343750e+02
3.418099975585937500e+02
3.049599914550781250e+02
3.503299865722656250e+02
3.552000122070312500e+02
3.398900146484375000e+02
3.376600036621093750e+02
3.959299926757812500e+02
3.716700134277343750e+02
3.440000000000000000e+02
2.884500122070312500e+02
3.035799865722656250e+02
4.030199890136718750e+02
4.504899902343750000e+02
3.559100036621093750e+02
3.798900146484375000e+02
3.107099914550781250e+02
3.027399902343750000e+02
3.336300048828125000e+02
4.369700012207031250e+02
4.171000061035156250e+02
3.207500000000000000e+02
3.562399902343750000e+02
3.443099975585937500e+02
4.933299865722656250e+02
3.471900024414062500e+02
3.256400146484375000e+02
3.438800048828125000e+02
3.762200012207031250e+02
3.772500000000000000e+02
3.867000122070312500e+02
5.023200073242187500e+02
3.244500122070312500e+02
3.208599853515625000e+02
3.520100097656250000e+02
2.954700012207031250e+02
3.650299987792968750e+02
3.386700134277343750e+02
3.278399963378906250e+02
3.732099914550781250e+02
3.760100097656250000e+02
3.782999877929687500e+02
3.495899963378906250e+02
2.811600036621093750e+02
3.921099853515625000e+02
3.461900024414062500e+02
2.831499938964843750e+02
3.201199951171875000e+02
3.955799865722656250e+02
2.978099975585937500e+02
2.840400085449218750e+02
2.630599975585937500e+02
3.153999938964843750e+02
2.926499938964843750e+02
2.423699951171875000e+02
3.577699890136718750e+02
4.096600036621093750e+02
3.111499938964843750e+02
2.827300109863281250e+02
3.246300048828125000e+02
4.040499877929687500e+02
2.823399963378906250e+02
2.771300048828125000e+02
2.543999938964843750e+02
3.602099914550781250e+02
2.784100036621093750e+02
4.015199890136718750e+02
2.524799957275390625e+02
3.474899902343750000e+02
3.736600036621093750e+02
3.759599914550781250e+02
3.418399963378906250e+02
3.254800109863281250e+02
3.028699951171875000e+02
2.606400146484375000e+02
3.218200073242187500e+02
3.494400024414062500e+02
3.391600036621093750e+02
2.680400085449218750e+02
3.623800048828125000e+02
3.062200012207031250e+02
3.589800109863281250e+02
4.161400146484375000e+02
2.798500061035156250e+02
3.012099914550781250e+02
2.535500030517578125e+02
3.592999877929687500e+02
4.850299987792968750e+02
3.135000000000000000e+02
3.429800109863281250e+02
4.352699890136718750e+02
3.184400024414062500e+02
3.847999877929687500e+02
3.108200073242187500e+02
3.347900085449218750e+02
3.059500122070312500e+02
3.662200012207031250e+02
2.875400085449218750e+02
3.103999938964843750e+02
3.145400085449218750e+02
4.076099853515625000e+02
3.262399902343750000e+02
3.191600036621093750e+02
4.012200012207031250e+02
3.328599853515625000e+02
3.164800109863281250e+02
3.211400146484375000e+02
3.105799865722656250e+02
3.059800109863281250e+02
2.897600097656250000e+02
3.101799926757812500e+02
4.237200012207031250e+02
3.765499877929687500e+02
3.123599853515625000e+02
2.720400085449218750e+02
2.977300109863281250e+02
3.227600097656250000e+02
3.345499877929687500e+02
4.307900085449218750e+02
3.622600097656250000e+02
3.552099914550781250e+02
3.203599853515625000e+02
3.696900024414062500e+02
2.785299987792968750e+02
3.386000061035156250e+02
4.905400085449218750e+02
3.628399963378906250e+02
2.925499877929687500e+02
3.352999877929687500e+02
3.096499938964843750e+02
3.362099914550781250e+02
4.051600036621093750e+02
3.214899902343750000e+02
2.920400085449218750e+02
3.782699890136718750e+02
3.322799987792968750e+02
3.940499877929687500e+02
4.132200012207031250e+02
2.285700073242187500e+02
3.562399902343750000e+02
3.674500122070312500e+02
3.714100036621093750e+02
3.447000122070312500e+02
3.261900024414062500e+02
3.167799987792968750e+02
3.263500061035156250e+02
3.020799865722656250e+02
3.035000000000000000e+02
3.517000122070312500e+02
2.572600097656250000e+02
3.209899902343750000e+02
2.993699951171875000e+02
2.540800018310546875e+02
2.452200012207031250e+02
2.819599914550781250e+02
3.013099975585937500e+02
4.060400085449218750e+02
2.865899963378906250e+02
3.187300109863281250e+02
2.398099975585937500e+02
3.482300109863281250e+02
2.739200134277343750e+02
3.009899902343750000e+02
2.511399993896484375e+02
4.010100097656250000e+02
3.359500122070312500e+02
3.560299987792968750e+02
3.435899963378906250e+02
2.652200012207031250e+02
3.965700073242187500e+02
2.972399902343750000e+02
2.110200042724609375e+02
2.739599914550781250e+02
3.158299865722656250e+02
3.464500122070312500e+02
3.712099914550781250e+02
3.458399963378906250e+02
2.813800048828125000e+02
2.388000030517578125e+02
2.597500000000000000e+02
3.437099914550781250e+02
3.053099975585937500e+02
2.760499877929687500e+02
2.847799987792968750e+02
3.180899963378906250e+02
3.164400024414062500e+02
2.827500000000000000e+02
2.558300018310546875e+02
2.729700012207031250e+02
2.931900024414062500e+02
2.872699890136718750e+02
3.304100036621093750e+02
3.455599975585937500e+02
2.733999938964843750e+02
2.624500122070312500e+02
3.340499877929687500e+02
3.436700134277343750e+02
2.133999938964843750e+02
2.682900085449218750e+02
4.084899902343750000e+02
2.988500061035156250e+02
2.970000000000000000e+02
3.417999877929687500e+02
3.608299865722656250e+02
2.535700073242187500e+02
2.675700073242187500e+02
3.605000000000000000e+02
3.129700012207031250e+02
3.061600036621093750e+02
3.674800109863281250e+02
3.147699890136718750e+02
2.895499877929687500e+02
3.423699951171875000e+02
3.606300048828125000e+02
2.687099914550781250e+02
3.604299926757812500e+02
3.565199890136718750e+02
2.368999938964843750e+02
2.562000122070312500e+02
2.770400085449218750e+02
4.052900085449218750e+02
3.098699951171875000e+02
2.577999877929687500e+02
2.698399963378906250e+02
2.944700012207031250e+02
2.748800048828125000e+02
3.290100097656250000e+02
2.655000000000000000e+02
3.030700073242187500e+02
2.984100036621093750e+02
3.344200134277343750e+02
2.660199890136718750e+02
3.262799987792968750e+02
2.913599853515625000e+02
2.583399963378906250e+02
2.567200012207031250e+02
3.638599853515625000e+02
3.510299987792968750e+02
2.975400085449218750e+02
3.718500061035156250e+02
3.154200134277343750e+02
2.848699951171875000e+02
3.319899902343750000e+02
2.915799865722656250e+02
2.731499938964843750e+02
3.308599853515625000e+02
3.744800109863281250e+02
2.707300109863281250e+02
2.944100036621093750e+02
3.243299865722656250e+02
2.867600097656250000e+02
3.755599975585937500e+02
3.059500122070312500e+02
2.923299865722656250e+02
3.324700012207031250e+02
3.145100097656250000e+02
2.741400146484375000e+02
2.905899963378906250e+02
2.606799926757812500e+02
2.689599914550781250e+02
2.851300048828125000e+02
3.254299926757812500e+02
3.797699890136718750e+02
2.474499969482421875e+02
2.923099975585937500e+02
3.106099853515625000e+02
2.957099914550781250e+02
2.716600036621093750e+02
3.177900085449218750e+02
3.285400085449218750e+02
3.370199890136718750e+02
2.266600036621093750e+02
3.093999938964843750e+02
2.270399932861328125e+02
2.865400085449218750e+02
3.346499938964843750e+02
2.536799926757812500e+02
3.860299987792968750e+02
2.956600036621093750e+02
3.017200012207031250e+02
4.054700012207031250e+02
3.736199951171875000e+02
2.896700134277343750e+02
2.877200012207031250e+02
3.421900024414062500e+02
3.754299926757812500e+02
3.424599914550781250e+02
3.767399902343750000e+02
3.071900024414062500e+02
3.402600097656250000e+02
3.718399963378906250e+02
3.818500061035156250e+02
3.380899963378906250e+02
2.991700134277343750e+02
3.045199890136718750e+02
2.455500030517578125e+02
3.232200012207031250e+02
2.985100097656250000e+02
3.006499938964843750e+02
3.074700012207031250e+02
3.648399963378906250e+02
2.888800048828125000e+02
3.733800048828125000e+02
2.969299926757812500e+02
3.129899902343750000e+02
3.165000000000000000e+02
3.503399963378906250e+02
5.018800048828125000e+02
4.654899902343750000e+02
4.273399963378906250e+02
4.706799926757812500e+02
2.578399963378906250e+02
5.364099731445312500e+02
3.442999877929687500e+02
4.359299926757812500e+02
4.884700012207031250e+02
3.415700073242187500e+02
3.512099914550781250e+02
4.720799865722656250e+02
3.313399963378906250e+02
3.513500061035156250e+02
4.915700073242187500e+02
5.067999877929687500e+02
4.437200012207031250e+02
2.803599853515625000e+02
4.167399902343750000e+02
4.007399902343750000e+02
2.318999938964843750e+02
3.095400085449218750e+02
2.388399963378906250e+02
2.481100006103515625e+02
3.224599914550781250e+02
2.785299987792968750e+02
3.243299865722656250e+02
3.378999938964843750e+02
3.311799926757812500e+02
3.505400085449218750e+02
3.227399902343750000e+02
2.513800048828125000e+02
3.887600097656250000e+02
3.132900085449218750e+02
3.193500061035156250e+02
3.000100097656250000e+02
2.901300048828125000e+02
3.564800109863281250e+02
2.849299926757812500e+02
2.988999938964843750e+02
2.864800109863281250e+02
3.394899902343750000e+02
2.675899963378906250e+02
3.939700012207031250e+02
2.973800048828125000e+02
3.558800048828125000e+02
2.915299987792968750e+02
3.138500061035156250e+02
3.514800109863281250e+02
2.511300048828125000e+02
2.410099945068359375e+02
2.470299987792968750e+02
2.855400085449218750e+02
3.924700012207031250e+02
3.170400085449218750e+02
3.306099853515625000e+02
3.392399902343750000e+02
2.327299957275390625e+02
3.250100097656250000e+02
3.560400085449218750e+02
3.435700073242187500e+02
2.974100036621093750e+02
3.166000061035156250e+02
4.636700134277343750e+02
3.597999877929687500e+02
3.556300048828125000e+02
3.083200073242187500e+02
3.066000061035156250e+02
3.358599853515625000e+02
2.276399993896484375e+02
2.547799987792968750e+02
3.062200012207031250e+02
2.526999969482421875e+02
3.332000122070312500e+02
2.892999877929687500e+02
2.368699951171875000e+02
2.477799987792968750e+02
2.617399902343750000e+02
3.454299926757812500e+02
2.118300018310546875e+02
3.914800109863281250e+02
3.338699951171875000e+02
3.385799865722656250e+02
3.904700012207031250e+02
3.167399902343750000e+02
3.483200073242187500e+02
3.641099853515625000e+02
3.012000122070312500e+02
4.058699951171875000e+02
2.331799926757812500e+02
3.340000000000000000e+02
5.005799865722656250e+02
3.019800109863281250e+02
4.153800048828125000e+02
3.216799926757812500e+02
2.914700012207031250e+02
3.286099853515625000e+02
3.716799926757812500e+02
3.522500000000000000e+02
3.654700012207031250e+02
3.278599853515625000e+02
2.714500122070312500e+02
3.586900024414062500e+02
2.488300018310546875e+02
3.009599914550781250e+02
3.236400146484375000e+02
3.249700012207031250e+02
3.401799926757812500e+02
3.301400146484375000e+02
2.753500061035156250e+02
2.497100067138671875e+02
3.333099975585937500e+02
2.700499877929687500e+02
3.633500061035156250e+02
2.434100036621093750e+02
3.189299926757812500e+02
3.197600097656250000e+02
2.742999877929687500e+02
2.906600036621093750e+02
3.769400024414062500e+02
2.913999938964843750e+02
2.652600097656250000e+02
2.571199951171875000e+02
3.233399963378906250e+02
3.197099914550781250e+02
2.975599975585937500e+02
3.057399902343750000e+02
3.263099975585937500e+02
3.093699951171875000e+02
3.120299987792968750e+02
2.589700012207031250e+02
3.135899963378906250e+02
3.700599975585937500e+02
2.950199890136718750e+02
2.778699951171875000e+02
3.227099914550781250e+02
3.016000061035156250e+02
2.977900085449218750e+02
2.310299987792968750e+02
2.634599914550781250e+02
3.197099914550781250e+02
3.166499938964843750e+02
2.355599975585937500e+02
3.517500000000000000e+02
3.689599914550781250e+02
3.079100036621093750e+02
2.957999877929687500e+02
2.811700134277343750e+02
3.889599914550781250e+02
3.112300109863281250e+02
2.816600036621093750e+02
3.278999938964843750e+02
2.817000122070312500e+02
2.963500061035156250e+02
2.597000122070312500e+02
2.636700134277343750e+02
3.064299926757812500e+02
3.078399963378906250e+02
2.438200073242187500e+02
3.565499877929687500e+02
2.567999877929687500e+02
3.159200134277343750e+02
2.802799987792968750e+02
2.051499938964843750e+02
2.598900146484375000e+02
3.908299865722656250e+02
2.318500061035156250e+02
2.508600006103515625e+02
2.773699951171875000e+02
2.796700134277343750e+02
3.024800109863281250e+02
2.627099914550781250e+02
3.462399902343750000e+02
2.524199981689453125e+02
2.521199951171875000e+02
2.401799926757812500e+02
2.393399963378906250e+02
2.797799987792968750e+02
3.083500061035156250e+02
2.830000000000000000e+02
2.826099853515625000e+02
2.593299865722656250e+02
2.647200012207031250e+02
2.855000000000000000e+02
3.052999877929687500e+02
3.368200073242187500e+02
2.937200012207031250e+02
3.644400024414062500e+02
2.673200073242187500e+02
2.893800048828125000e+02
3.221300048828125000e+02
2.727000122070312500e+02
2.605499877929687500e+02
3.977799987792968750e+02
3.328299865722656250e+02
2.810000000000000000e+02
3.681300048828125000e+02
2.513999938964843750e+02
2.991300048828125000e+02
2.932099914550781250e+02
3.040100097656250000e+02
2.779700012207031250e+02
3.082600097656250000e+02
3.637500000000000000e+02
2.740899963378906250e+02
2.876199951171875000e+02
3.304400024414062500e+02
2.833500061035156250e+02
2.529900054931640625e+02
3.024400024414062500e+02
2.854100036621093750e+02
3.164100036621093750e+02
2.413200073242187500e+02
3.015400085449218750e+02
2.887799987792968750e+02
3.358900146484375000e+02
2.430800018310546875e+02
2.949299926757812500e+02
3.296199951171875000e+02
2.372400054931640625e+02
2.248000030517578125e+02
3.293099975585937500e+02
3.025199890136718750e+02
2.977000122070312500e+02
2.870499877929687500e+02
2.273000030517578125e+02
3.093099975585937500e+02
2.714500122070312500e+02
2.942099914550781250e+02
2.874500122070312500e+02
2.804400024414062500e+02
2.711799926757812500e+02
2.654500122070312500e+02
2.303500061035156250e+02
2.467400054931640625e+02
2.956000061035156250e+02
2.725199890136718750e+02
2.877999877929687500e+02
2.298699951171875000e+02
2.962999877929687500e+02
2.863399963378906250e+02
2.833699951171875000e+02
2.671700134277343750e+02
3.515000000000000000e+02
2.252299957275390625e+02
2.637099914550781250e+02
3.053699951171875000e+02
2.364700012207031250e+02
2.735499877929687500e+02
2.466300048828125000e+02
2.312599945068359375e+02
3.025100097656250000e+02
2.923200073242187500e+02
2.750499877929687500e+02
2.577399902343750000e+02
2.412799987792968750e+02
2.617900085449218750e+02
2.995799865722656250e+02
2.859500122070312500e+02
2.289900054931640625e+02
2.576099853515625000e+02
2.894299926757812500e+02
3.475299987792968750e+02
3.391900024414062500e+02
3.181400146484375000e+02
2.967999877929687500e+02
2.203699951171875000e+02
3.049500122070312500e+02
2.223000030517578125e+02
3.294400024414062500e+02
3.095700073242187500e+02
2.612099914550781250e+02
2.439199981689453125e+02
2.868299865722656250e+02
3.000700073242187500e+02
2.595899963378906250e+02
2.837799987792968750e+02
2.376000061035156250e+02
2.620899963378906250e+02
2.793299865722656250e+02
2.565199890136718750e+02
2.763599853515625000e+02
2.736499938964843750e+02
2.128600006103515625e+02
2.320599975585937500e+02
2.234199981689453125e+02
2.110099945068359375e+02
3.046900024414062500e+02
2.328200073242187500e+02
2.739899902343750000e+02
2.593800048828125000e+02
2.394499969482421875e+02
2.710799865722656250e+02
2.551199951171875000e+02
2.295200042724609375e+02
2.559900054931640625e+02
2.924200134277343750e+02
2.828399963378906250e+02
2.440000000000000000e+02
2.510700073242187500e+02
3.385899963378906250e+02
2.957099914550781250e+02
2.102799987792968750e+02
2.089799957275390625e+02
2.911600036621093750e+02
2.061000061035156250e+02
2.556199951171875000e+02
2.974800109863281250e+02
1.921399993896484375e+02
2.525299987792968750e+02
2.171300048828125000e+02
2.489900054931640625e+02
2.788399963378906250e+02
2.139499969482421875e+02
2.980499877929687500e+02
2.502200012207031250e+02
2.541900024414062500e+02
2.636900024414062500e+02
2.590100097656250000e+02
2.507899932861328125e+02
2.843900146484375000e+02
2.432299957275390625e+02
2.486199951171875000e+02
2.666099853515625000e+02
2.805100097656250000e+02
2.946099853515625000e+02
3.552799987792968750e+02
2.523399963378906250e+02
2.540899963378906250e+02
2.251999969482421875e+02
1.883300018310546875e+02
2.767799987792968750e+02
2.398999938964843750e+02
2.605700073242187500e+02
2.877799987792968750e+02
2.839200134277343750e+02
2.452200012207031250e+02
2.274799957275390625e+02
2.778399963378906250e+02
2.692000122070312500e+02
2.634599914550781250e+02
2.888800048828125000e+02
2.750499877929687500e+02
2.132299957275390625e+02
2.320899963378906250e+02
2.946099853515625000e+02
2.837500000000000000e+02
3.368299865722656250e+02
2.765599975585937500e+02
2.587799987792968750e+02
2.587200012207031250e+02
2.541999969482421875e+02
2.593299865722656250e+02
2.252700042724609375e+02
2.701000061035156250e+02
2.503500061035156250e+02
2.423600006103515625e+02
2.640700073242187500e+02
2.303600006103515625e+02
2.671000061035156250e+02
2.115399932861328125e+02
2.436999969482421875e+02
2.859500122070312500e+02
2.921300048828125000e+02
2.426199951171875000e+02
2.758999938964843750e+02
2.754100036621093750e+02
2.524700012207031250e+02
2.919400024414062500e+02
2.315500030517578125e+02
2.155200042724609375e+02
2.316100006103515625e+02
2.466499938964843750e+02
2.774599914550781250e+02
3.064500122070312500e+02
2.487400054931640625e+02
2.467599945068359375e+02
2.593999938964843750e+02
2.088399963378906250e+02
2.686900024414062500e+02
2.803699951171875000e+02
2.742300109863281250e+02
2.174199981689453125e+02
3.036000061035156250e+02
2.568500061035156250e+02
2.357100067138671875e+02
3.551000061035156250e+02
2.940599975585937500e+02
1.994100036621093750e+02
3.053999938964843750e+02
2.087299957275390625e+02
3.269100036621093750e+02
2.016300048828125000e+02
2.929500122070312500e+02
2.472299957275390625e+02
2.757099914550781250e+02
2.168699951171875000e+02
2.402899932861328125e+02
2.476399993896484375e+02
3.183399963378906250e+02
3.035899963378906250e+02
2.392700042724609375e+02
2.286100006103515625e+02
2.224400024414062500e+02
2.376999969482421875e+02
2.617000122070312500e+02
2.935899963378906250e+02
2.415000000000000000e+02
2.614400024414062500e+02
2.136699981689453125e+02
2.875299987792968750e+02
2.607600097656250000e+02
2.423600006103515625e+02
2.802799987792968750e+02
2.567099914550781250e+02
2.884500122070312500e+02
2.248000030517578125e+02
2.533999938964843750e+02
2.759400024414062500e+02
2.691700134277343750e+02
2.598399963378906250e+02
2.141100006103515625e+02
2.375599975585937500e+02
2.357100067138671875e+02
2.299799957275390625e+02
2.466100006103515625e+02
2.178500061035156250e+02
2.920599975585937500e+02
2.556699981689453125e+02
2.234199981689453125e+02
3.484800109863281250e+02
2.497799987792968750e+02
2.206499938964843750e+02
2.872500000000000000e+02
2.426600036621093750e+02
2.638200073242187500e+02
2.977600097656250000e+02
2.445700073242187500e+02
2.264900054931640625e+02
2.819299926757812500e+02
3.532900085449218750e+02
2.702399902343750000e+02
3.038599853515625000e+02
2.524799957275390625e+02
2.277299957275390625e+02
2.887200012207031250e+02
2.462299957275390625e+02
2.685000000000000000e+02
2.346199951171875000e+02
2.609700012207031250e+02
2.750799865722656250e+02
2.106600036621093750e+02
2.842200012207031250e+02
2.443500061035156250e+02
1.968999938964843750e+02
3.035499877929687500e+02
2.583200073242187500e+02
2.363399963378906250e+02
2.155000000000000000e+02
2.343399963378906250e+02
2.697399902343750000e+02
2.436000061035156250e+02
2.959899902343750000e+02
2.515599975585937500e+02
2.940799865722656250e+02
2.882300109863281250e+02
2.998699951171875000e+02
2.506000061035156250e+02
2.622799987792968750e+02
2.498899993896484375e+02
2.079799957275390625e+02
2.181399993896484375e+02
2.188099975585937500e+02
2.298699951171875000e+02
3.239700012207031250e+02
2.931099853515625000e+02
2.753299865722656250e+02
2.969599914550781250e+02
2.186900024414062500e+02
3.252300109863281250e+02
2.647200012207031250e+02
2.556300048828125000e+02
2.789899902343750000e+02
2.223800048828125000e+02
2.263000030517578125e+02
2.843299865722656250e+02
3.059299926757812500e+02
2.164299926757812500e+02
2.503899993896484375e+02
2.449499969482421875e+02
2.513899993896484375e+02
2.259900054931640625e+02
2.043300018310546875e+02
2.123699951171875000e+02
2.231999969482421875e+02
2.390200042724609375e+02
2.369600067138671875e+02
2.586799926757812500e+02
2.420000000000000000e+02
1.929799957275390625e+02
2.344499969482421875e+02
2.587300109863281250e+02
2.440299987792968750e+02
2.762999877929687500e+02
2.972099914550781250e+02
2.657500000000000000e+02
2.815499877929687500e+02
2.323399963378906250e+02
1.938800048828125000e+02
1.974299926757812500e+02
2.614299926757812500e+02
2.401399993896484375e+02
2.257500000000000000e+02
2.405399932861328125e+02
2.508600006103515625e+02
2.885000000000000000e+02
2.222700042724609375e+02
2.228899993896484375e+02
2.501000061035156250e+02
3.033399963378906250e+02
3.338900146484375000e+02
2.891700134277343750e+02
2.066699981689453125e+02
2.521999969482421875e+02
2.644200134277343750e+02
2.480500030517578125e+02
2.614599914550781250e+02
2.998200073242187500e+02
2.566700134277343750e+02
3.258399963378906250e+02
2.518099975585937500e+02
2.242599945068359375e+02
2.690499877929687500e+02
2.508500061035156250e+02
2.885599975585937500e+02
2.678500061035156250e+02
2.084700012207031250e+02
2.297400054931640625e+02
2.308000030517578125e+02
2.225500030517578125e+02
2.472299957275390625e+02
2.465899963378906250e+02
2.219199981689453125e+02
2.540099945068359375e+02
2.392200012207031250e+02
2.575899963378906250e+02
2.161600036621093750e+02
2.732200012207031250e+02
2.828200073242187500e+02
2.783599853515625000e+02
3.170000000000000000e+02
2.093399963378906250e+02
2.650400085449218750e+02
2.633200073242187500e+02
2.317500000000000000e+02
2.472599945068359375e+02
2.657099914550781250e+02
2.525299987792968750e+02
2.258999938964843750e+02
2.259700012207031250e+02
2.223099975585937500e+02
3.147300109863281250e+02
2.187100067138671875e+02
2.193699951171875000e+02
2.774500122070312500e+02
2.704200134277343750e+02
2.510399932861328125e+02
2.050700073242187500e+02
2.669299926757812500e+02
2.949299926757812500e+02
2.454400024414062500e+02
2.522400054931640625e+02
3.100000000000000000e+02
2.632699890136718750e+02
2.607000122070312500e+02
2.273000030517578125e+02
2.285899963378906250e+02
2.148800048828125000e+02
3.072600097656250000e+02
2.031499938964843750e+02
3.137000122070312500e+02
2.409499969482421875e+02
2.200599975585937500e+02
2.718299865722656250e+02
2.003800048828125000e+02
2.241799926757812500e+02
2.020599975585937500e+02
2.364700012207031250e+02
2.649700012207031250e+02
2.455599975585937500e+02
2.496499938964843750e+02
2.567900085449218750e+02
2.553699951171875000e+02
2.729700012207031250e+02
2.146999969482421875e+02
2.947799987792968750e+02
1.737100067138671875e+02
2.640799865722656250e+02
2.393200073242187500e+02
2.192599945068359375e+02
2.684299926757812500e+02
2.586300048828125000e+02
2.345700073242187500e+02
2.969100036621093750e+02
2.140200042724609375e+02
2.288200073242187500e+02
2.205700073242187500e+02
2.987300109863281250e+02
3.025299987792968750e+02
2.230800018310546875e+02
3.768200073242187500e+02
3.517200012207031250e+02
2.186000061035156250e+02
3.042200012207031250e+02
2.321900024414062500e+02
3.147900085449218750e+02
2.688399963378906250e+02
2.868099975585937500e+02
2.646900024414062500e+02
2.383300018310546875e+02
2.274199981689453125e+02
3.593399963378906250e+02
2.083899993896484375e+02
2.849700012207031250e+02
2.954200134277343750e+02
2.538200073242187500e+02
3.022699890136718750e+02
2.684100036621093750e+02
2.899899902343750000e+02
2.385399932861328125e+02
2.156499938964843750e+02
2.446399993896484375e+02
2.305899963378906250e+02
2.055000000000000000e+02
2.414900054931640625e+02
2.322899932861328125e+02
2.552299957275390625e+02
2.330700073242187500e+02
2.399299926757812500e+02
3.046300048828125000e+02
2.625100097656250000e+02
1.948699951171875000e+02
2.718699951171875000e+02
2.417899932861328125e+02
2.418699951171875000e+02
2.361000061035156250e+02
2.057100067138671875e+02
2.665400085449218750e+02
2.204499969482421875e+02
2.012400054931640625e+02
2.419900054931640625e+02
1.938300018310546875e+02
2.945100097656250000e+02
2.194400024414062500e+02
2.611700134277343750e+02
2.255200042724609375e+02
2.318399963378906250e+02
1.863099975585937500e+02
2.253099975585937500e+02
2.558800048828125000e+02
2.725299987792968750e+02
2.406100006103515625e+02
2.150299987792968750e+02
2.565100097656250000e+02
2.617900085449218750e+02
2.358200073242187500e+02
2.205000000000000000e+02
2.393600006103515625e+02
2.287700042724609375e+02
2.223000030517578125e+02
2.210599975585937500e+02
2.468000030517578125e+02
2.462400054931640625e+02
2.470399932861328125e+02
2.761700134277343750e+02
2.408099975585937500e+02
2.129700012207031250e+02
2.364199981689453125e+02
2.761199951171875000e+02
2.649599914550781250e+02
2.307899932861328125e+02
2.587300109863281250e+02
2.601499938964843750e+02
2.498399963378906250e+02
2.411100006103515625e+02
1.958200073242187500e+02
2.380200042724609375e+02
1.893500061035156250e+02
2.321499938964843750e+02
2.133399963378906250e+02
2.185200042724609375e+02
2.242500000000000000e+02
2.350599975585937500e+02
2.405299987792968750e+02
2.609700012207031250e+02
2.183200073242187500e+02
2.835199890136718750e+02
2.200700073242187500e+02
2.494100036621093750e+02
2.524100036621093750e+02
2.463200073242187500e+02
2.388099975585937500e+02
2.626300048828125000e+02
2.605899963378906250e+02
1.983800048828125000e+02
2.069499969482421875e+02
2.559600067138671875e+02
2.670700073242187500e+02
3.024299926757812500e+02
2.286100006103515625e+02
2.379299926757812500e+02
2.246499938964843750e+02
2.350099945068359375e+02
2.662799987792968750e+02
2.095299987792968750e+02
1.875899963378906250e+02
1.925399932861328125e+02
2.090500030517578125e+02
2.485700073242187500e+02
2.580400085449218750e+02
2.220700073242187500e+02
1.751199951171875000e+02
2.154199981689453125e+02
2.303200073242187500e+02
2.143500061035156250e+02
2.059900054931640625e+02
2.256900024414062500e+02
2.172400054931640625e+02
2.171999969482421875e+02
2.366699981689453125e+02
2.376600036621093750e+02
2.610899963378906250e+02
2.230399932861328125e+02
2.351900024414062500e+02
2.444400024414062500e+02
2.205599975585937500e+02
1.966300048828125000e+02
2.618200073242187500e+02
2.557700042724609375e+02
1.951399993896484375e+02
2.494499969482421875e+02
2.739800109863281250e+02
2.402700042724609375e+02
2.555800018310546875e+02
2.178899993896484375e+02
2.205599975585937500e+02
2.260899963378906250e+02
2.372400054931640625e+02
2.375899963378906250e+02
2.268200073242187500e+02
2.265000000000000000e+02
2.197299957275390625e+02
2.472200012207031250e+02
2.251199951171875000e+02
2.426199951171875000e+02
1.811300048828125000e+02
2.474100036621093750e+02
2.510700073242187500e+02
2.129100036621093750e+02
2.408899993896484375e+02
2.275099945068359375e+02
2.206000061035156250e+02
2.439900054931640625e+02
2.424700012207031250e+02
2.125899963378906250e+02
2.305700073242187500e+02
2.007899932861328125e+02
2.019900054931640625e+02
2.178300018310546875e+02
2.041399993896484375e+02
2.021799926757812500e+02
2.527500000000000000e+02
2.582699890136718750e+02
2.481600036621093750e+02
1.928899993896484375e+02
2.330700073242187500e+02
2.755299987792968750e+02
1.835299987792968750e+02
2.458000030517578125e+02
2.572500000000000000e+02
2.327299957275390625e+02
2.144199981689453125e+02
2.274100036621093750e+02
2.136999969482421875e+02
2.309400024414062500e+02
2.383099975585937500e+02
2.495399932861328125e+02
2.205099945068359375e+02
2.673900146484375000e+02
2.641300048828125000e+02
2.080700073242187500e+02
2.308099975585937500e+02
2.101999969482421875e+02
2.758299865722656250e+02
2.556799926757812500e+02
1.873399963378906250e+02
2.108399963378906250e+02
2.074299926757812500e+02
2.495599975585937500e+02
2.201600036621093750e+02
1.992799987792968750e+02
2.346499938964843750e+02
2.532100067138671875e+02
1.861999969482421875e+02
2.679899902343750000e+02
2.593999938964843750e+02
2.035399932861328125e+02
2.274299926757812500e+02
2.537500000000000000e+02
2.616199951171875000e+02
2.847200012207031250e+02
1.846799926757812500e+02
2.206300048828125000e+02
2.692399902343750000e+02
1.936000061035156250e+02
2.489299926757812500e+02
2.432500000000000000e+02
2.411300048828125000e+02
2.164799957275390625e+02
2.498800048828125000e+02
2.154600067138671875e+02
2.386699981689453125e+02
2.182299957275390625e+02
2.336000061035156250e+02
2.649200134277343750e+02
2.071300048828125000e+02
2.116900024414062500e+02
2.230299987792968750e+02
2.650599975585937500e+02
3.076000061035156250e+02
2.388699951171875000e+02
2.279900054931640625e+02
2.088699951171875000e+02
2.117799987792968750e+02
2.110099945068359375e+02
2.835899963378906250e+02
2.619700012207031250e+02
1.965700073242187500e+02
2.359600067138671875e+02
2.296600036621093750e+02
2.449600067138671875e+02
2.046300048828125000e+02
2.016300048828125000e+02
2.147799987792968750e+02
2.585100097656250000e+02
2.128800048828125000e+02
1.828500061035156250e+02
2.750400085449218750e+02
1.843000030517578125e+02
2.623299865722656250e+02
2.682699890136718750e+02
2.135500030517578125e+02
2.195500030517578125e+02
2.224600067138671875e+02
2.556900024414062500e+02
2.066000061035156250e+02
2.426399993896484375e+02
2.310200042724609375e+02
2.150099945068359375e+02
2.146799926757812500e+02
1.846900024414062500e+02
2.493099975585937500e+02
1.865099945068359375e+02
1.974900054931640625e+02
2.040500030517578125e+02
2.398899993896484375e+02
2.216300048828125000e+02
1.850000000000000000e+02
2.150399932861328125e+02
2.022100067138671875e+02
1.865899963378906250e+02
2.701099853515625000e+02
2.359499969482421875e+02
2.065000000000000000e+02
2.277200012207031250e+02
2.162799987792968750e+02
2.342599945068359375e+02
1.987700042724609375e+02
2.399499969482421875e+02
2.463300018310546875e+02
1.887299957275390625e+02
2.456900024414062500e+02
2.842500000000000000e+02
2.054299926757812500e+02
2.052599945068359375e+02
1.901399993896484375e+02
2.118300018310546875e+02
1.815099945068359375e+02
2.378800048828125000e+02
1.845099945068359375e+02
1.998200073242187500e+02
2.033800048828125000e+02
1.821699981689453125e+02
2.316900024414062500e+02
2.324400024414062500e+02
1.947500000000000000e+02
2.054299926757812500e+02
2.119400024414062500e+02
2.251900024414062500e+02
2.401799926757812500e+02
1.980599975585937500e+02
2.379600067138671875e+02
2.798699951171875000e+02
2.345899963378906250e+02
2.059199981689453125e+02
2.249199981689453125e+02
2.154299926757812500e+02
2.033699951171875000e+02
1.887700042724609375e+02
2.036600036621093750e+02
2.675700073242187500e+02
2.392299957275390625e+02
2.323300018310546875e+02
1.955200042724609375e+02
2.458300018310546875e+02
1.976900024414062500e+02
2.504700012207031250e+02
2.452899932861328125e+02
2.415899963378906250e+02
2.153899993896484375e+02
2.145800018310546875e+02
2.745700073242187500e+02
2.600100097656250000e+02
2.265299987792968750e+02
2.233999938964843750e+02
2.095700073242187500e+02
2.071300048828125000e+02
2.500399932861328125e+02
2.656199951171875000e+02
2.258800048828125000e+02
1.923099975585937500e+02
2.182599945068359375e+02
2.099199981689453125e+02
2.306000061035156250e+02
1.901100006103515625e+02
2.244400024414062500e+02
2.446000061035156250e+02
2.128399963378906250e+02
2.243099975585937500e+02
1.904700012207031250e+02
1.913800048828125000e+02
2.837999877929687500e+02
2.477500000000000000e+02
1.963300018310546875e+02
2.198399963378906250e+02
2.432200012207031250e+02
2.295000000000000000e+02
2.582500000000000000e+02
2.446100006103515625e+02
2.142400054931640625e+02
2.668500061035156250e+02
2.384900054931640625e+02
1.840000000000000000e+02
2.128699951171875000e+02
2.207799987792968750e+02
2.566900024414062500e+02
2.328800048828125000e+02
3.019899902343750000e+02
2.521100006103515625e+02
2.775400085449218750e+02
2.255099945068359375e+02
2.363800048828125000e+02
2.161199951171875000e+02
2.333600006103515625e+02
2.441199951171875000e+02
1.788600006103515625e+02
2.501799926757812500e+02
2.775100097656250000e+02
2.043999938964843750e+02
2.051000061035156250e+02
