3.643389843750000000e+04
6.416270019531250000e+03
3.988550048828125000e+03
2.545000000000000000e+03
2.253139892578125000e+03
2.201679931640625000e+03
2.591979980468750000e+03
2.045449951171875000e+03
2.022810058593750000e+03
2.129840087890625000e+03
1.967959960937500000e+03
2.203050048828125000e+03
1.846739990234375000e+03
1.932839965820312500e+03
1.919920043945312500e+03
2.109129882812500000e+03
1.922780029296875000e+03
2.062139892578125000e+03
1.781699951171875000e+03
1.890989990234375000e+03
1.816390014648437500e+03
1.900449951171875000e+03
2.413629882812500000e+03
2.064479980468750000e+03
1.721489990234375000e+03
1.827819946289062500e+03
2.051530029296875000e+03
1.843420043945312500e+03
2.141540039062500000e+03
1.839859985351562500e+03
2.388860107421875000e+03
3.798399902343750000e+03
3.782010009765625000e+03
2.242729980468750000e+03
1.847060058593750000e+03
2.352820068359375000e+03
1.765390014648437500e+03
1.905319946289062500e+03
2.008380004882812500e+03
1.874420043945312500e+03
1.867630004882812500e+03
1.990949951171875000e+03
1.834160034179687500e+03
1.918099975585937500e+03
1.738810058593750000e+03
1.842439941406250000e+03
1.812569946289062500e+03
2.192590087890625000e+03
2.199199951171875000e+03
1.917859985351562500e+03
1.759869995117187500e+03
1.699739990234375000e+03
1.694560058593750000e+03
2.520090087890625000e+03
1.874859985351562500e+03
1.761310058593750000e+03
1.681930053710937500e+03
1.850550048828125000e+03
1.789880004882812500e+03
1.905119995117187500e+03
2.009099975585937500e+03
1.923079956054687500e+03
1.857319946289062500e+03
1.721530029296875000e+03
1.728239990234375000e+03
1.734550048828125000e+03
1.701119995117187500e+03
2.055590087890625000e+03
1.765479980468750000e+03
1.660599975585937500e+03
1.880420043945312500e+03
1.779930053710937500e+03
2.013939941406250000e+03
1.805329956054687500e+03
1.852300048828125000e+03
1.952260009765625000e+03
2.022739990234375000e+03
1.692140014648437500e+03
1.598060058593750000e+03
1.761709960937500000e+03
1.734390014648437500e+03
1.722579956054687500e+03
1.928069946289062500e+03
1.641260009765625000e+03
1.740010009765625000e+03
1.755939941406250000e+03
1.654420043945312500e+03
1.616000000000000000e+03
1.770109985351562500e+03
1.711869995117187500e+03
1.683619995117187500e+03
1.640859985351562500e+03
1.742099975585937500e+03
1.795630004882812500e+03
1.690729980468750000e+03
1.714430053710937500e+03
1.675579956054687500e+03
1.627750000000000000e+03
1.582199951171875000e+03
1.650959960937500000e+03
1.734099975585937500e+03
1.608569946289062500e+03
1.733969970703125000e+03
1.736859985351562500e+03
1.599260009765625000e+03
1.595540039062500000e+03
1.645449951171875000e+03
1.649209960937500000e+03
1.582349975585937500e+03
1.652750000000000000e+03
1.655410034179687500e+03
1.899560058593750000e+03
1.723290039062500000e+03
1.718829956054687500e+03
1.698260009765625000e+03
1.455020019531250000e+03
1.431219970703125000e+03
1.526630004882812500e+03
1.462569946289062500e+03
1.404479980468750000e+03
1.390979980468750000e+03
1.373219970703125000e+03
1.314369995117187500e+03
1.422930053710937500e+03
1.233729980468750000e+03
1.198449951171875000e+03
1.330500000000000000e+03
1.277880004882812500e+03
1.283479980468750000e+03
1.215069946289062500e+03
1.167329956054687500e+03
1.220359985351562500e+03
1.203689941406250000e+03
1.200319946289062500e+03
1.114670043945312500e+03
1.225319946289062500e+03
1.112910034179687500e+03
1.129619995117187500e+03
1.238329956054687500e+03
1.116010009765625000e+03
1.089219970703125000e+03
9.840900268554687500e+02
1.010599975585937500e+03
9.790000000000000000e+02
9.771699829101562500e+02
8.858699951171875000e+02
9.407600097656250000e+02
8.882899780273437500e+02
8.791799926757812500e+02
8.447899780273437500e+02
8.203599853515625000e+02
8.835000000000000000e+02
8.906400146484375000e+02
7.850399780273437500e+02
8.523499755859375000e+02
7.626699829101562500e+02
7.633900146484375000e+02
7.708900146484375000e+02
7.163599853515625000e+02
7.441799926757812500e+02
7.515900268554687500e+02
7.687800292968750000e+02
6.861099853515625000e+02
7.374500122070312500e+02
6.843099975585937500e+02
6.975700073242187500e+02
6.490599975585937500e+02
6.719600219726562500e+02
6.395999755859375000e+02
6.339699707031250000e+02
6.139799804687500000e+02
6.371500244140625000e+02
6.154600219726562500e+02
6.383099975585937500e+02
6.310800170898437500e+02
6.272899780273437500e+02
5.922000122070312500e+02
5.922700195312500000e+02
5.768300170898437500e+02
5.804899902343750000e+02
6.132000122070312500e+02
6.177100219726562500e+02
5.714099731445312500e+02
5.815499877929687500e+02
6.546300048828125000e+02
5.556099853515625000e+02
5.888900146484375000e+02
5.802100219726562500e+02
5.542100219726562500e+02
5.451400146484375000e+02
5.573599853515625000e+02
5.357800292968750000e+02
5.511099853515625000e+02
5.537899780273437500e+02
5.518400268554687500e+02
5.534899902343750000e+02
5.484799804687500000e+02
5.579000244140625000e+02
5.829899902343750000e+02
5.350599975585937500e+02
5.268400268554687500e+02
5.717999877929687500e+02
5.332000122070312500e+02
6.395499877929687500e+02
8.133699951171875000e+02
6.001500244140625000e+02
5.299799804687500000e+02
5.386699829101562500e+02
5.383599853515625000e+02
5.246500244140625000e+02
5.374899902343750000e+02
5.451900024414062500e+02
6.055700073242187500e+02
5.307899780273437500e+02
5.451900024414062500e+02
4.966300048828125000e+02
5.336400146484375000e+02
4.946400146484375000e+02
5.397399902343750000e+02
4.846000061035156250e+02
4.878999938964843750e+02
4.812799987792968750e+02
5.277000122070312500e+02
5.328200073242187500e+02
4.841799926757812500e+02
4.986499938964843750e+02
4.799100036621093750e+02
4.885299987792968750e+02
4.826799926757812500e+02
4.823299865722656250e+02
4.830700073242187500e+02
4.778099975585937500e+02
4.731499938964843750e+02
4.596700134277343750e+02
4.678599853515625000e+02
4.804800109863281250e+02
4.808099975585937500e+02
5.112999877929687500e+02
4.893200073242187500e+02
4.735799865722656250e+02
4.775599975585937500e+02
4.610299987792968750e+02
4.605299987792968750e+02
4.531300048828125000e+02
4.673999938964843750e+02
4.565799865722656250e+02
4.597000122070312500e+02
4.676000061035156250e+02
4.558699951171875000e+02
4.629200134277343750e+02
4.465199890136718750e+02
4.405799865722656250e+02
4.378399963378906250e+02
4.428800048828125000e+02
4.442699890136718750e+02
4.413299865722656250e+02
4.375499877929687500e+02
4.527600097656250000e+02
4.630599975585937500e+02
4.493800048828125000e+02
4.629599914550781250e+02
4.452500000000000000e+02
4.330199890136718750e+02
4.505100097656250000e+02
4.622300109863281250e+02
5.334799804687500000e+02
4.573099975585937500e+02
4.324100036621093750e+02
4.305799865722656250e+02
4.227200012207031250e+02
4.275899963378906250e+02
4.225599975585937500e+02
4.234599914550781250e+02
4.231199951171875000e+02
4.266400146484375000e+02
4.199800109863281250e+02
4.132600097656250000e+02
4.116700134277343750e+02
4.158900146484375000e+02
4.213399963378906250e+02
4.148900146484375000e+02
4.140700073242187500e+02
4.102999877929687500e+02
4.146700134277343750e+02
4.218699951171875000e+02
4.141700134277343750e+02
4.051900024414062500e+02
4.131499938964843750e+02
4.120100097656250000e+02
4.100700073242187500e+02
3.996199951171875000e+02
4.122399902343750000e+02
4.065799865722656250e+02
4.104700012207031250e+02
4.049899902343750000e+02
4.086799926757812500e+02
3.970899963378906250e+02
4.080299987792968750e+02
4.116499938964843750e+02
4.499700012207031250e+02
